0	499995.291029	499996.590563	500001.649511
1	499995.176435	499997.003002	500002.553260
2	499996.024105	499996.474194	500002.510598
3	499995.989129	499997.350741	500002.990642
4	499996.213010	499997.801185	500002.126362
5	499995.904490	499998.402227	500002.863629
6	499996.884553	499998.411414	500003.062104
7	499997.771409	499997.949503	500003.050920
8	499997.005104	499997.475875	500002.616809
9	499997.579393	499997.307793	500001.815597
10	499996.659503	499997.094552	500001.486464
11	499996.236148	499996.249835	500001.159015
12	499997.124709	499995.988314	500000.782096
13	499997.851493	499996.636966	500001.008004
14	499998.056971	499995.808359	500001.528762
15	499997.094380	499995.908470	500001.780546
16	499996.702626	499995.335502	500002.500434
17	499995.729734	499995.475761	500002.316562
18	499995.704454	499994.850855	500003.096853
19	499995.339645	499994.118283	500002.522174
20	499995.299341	499993.885968	500003.493979
21	499994.683052	499993.381536	500002.889218
22	499994.450592	499993.915641	500002.076387
23	499995.260466	499994.181224	500001.553347
24	499996.185135	499994.405409	500001.861132
25	499996.788755	499994.301502	500001.070658
26	499997.646392	499994.770284	500000.859240
27	499996.884827	499994.840154	500000.214930
28	499996.390534	499995.211229	500001.001045
29	499995.416583	499995.264907	500001.221368
30	499994.965676	499994.732139	500000.505238
31	499995.843731	499994.307136	500000.725213
32	499995.375891	499993.523395	500000.316708
33	499996.193288	499993.101968	500000.709470
34	499996.124376	499992.401063	499999.999553
35	499996.044117	499992.631515	499999.029785
36	499995.129160	499992.487958	499999.406936
37	499995.508430	499991.681152	499999.859944
38	499995.075709	499992.344670	500000.470269
39	499995.396876	499992.780097	500001.311254
40	499994.436879	499992.809320	500001.589731
41	499994.336262	499991.897047	500001.192699
42	499993.691043	499991.901613	500000.428714
43	499994.115775	499991.710999	499999.543689
44	499993.809725	499992.533054	499999.063525
45	499994.607280	499992.072837	499998.673518
46	499994.908884	499993.017579	499998.545071
47	499995.826177	499993.324367	499998.291192
48	499995.849369	499994.307769	499998.111242
49	499996.416667	499994.263939	499998.933587
50	499995.819085	499995.006370	499999.236396
51	499995.474486	499995.241939	499998.327684
52	499994.684382	499995.032953	499998.903932
53	499994.987880	499994.146298	499999.252830
54	499994.098511	499994.244314	499999.699387
55	499994.507779	499993.332048	499999.682947
56	499994.233637	499993.059396	500000.605176
57	499993.378089	499993.565328	500000.715044
58	499994.180298	499994.161979	500000.736729
59	499993.738913	499995.034289	500000.526356
60	499993.012040	499995.027256	500001.213093
61	499993.951870	499994.815934	500001.481539
62	499993.661235	499995.624986	500001.992387
63	499993.770059	499996.140446	500001.142410
64	499994.168191	499997.053775	500001.227963
65	499993.498185	499996.927713	500001.959537
66	499992.864696	499997.596779	500001.570898
67	499992.514368	499996.700036	500001.841310
68	499992.393760	499996.845531	500000.859331
69	499992.841531	499995.952142	500000.822486
70	499992.089846	499995.296808	500000.748272
71	499992.014503	499995.831560	499999.906629
72	499992.957665	499995.504916	499999.845400
73	499993.077470	499996.487048	499999.700269
74	499993.001077	499996.441296	499998.704243
75	499992.785718	499997.415481	499998.636542
76	499993.433244	499997.023648	499997.982952
77	499994.214383	499997.146725	499997.370846
78	499994.704118	499996.287299	499997.224074
79	499994.505467	499996.500875	499998.180592
80	499994.825657	499996.091264	499999.034816
81	499994.380885	499996.506231	499999.828527
82	499994.572637	499995.525899	499999.875203
83	499995.481792	499995.627989	500000.278957
84	499994.990840	499996.405505	500000.671940
85	499995.521347	499996.661765	499999.863920
86	499994.952085	499997.474210	499999.989913
87	499995.701063	499998.067671	499999.695228
88	499995.689484	499998.336221	500000.658425
89	499996.526600	499997.981929	500001.075213
90	499995.968813	499997.386211	500000.497293
91	499996.713488	499997.854079	500000.021312
92	499996.678930	499996.891267	499999.753359
93	499997.208282	499997.392242	499999.068662
94	499996.978824	499996.538920	499998.600482
95	499996.090258	499996.250791	499998.957456
96	499996.104056	499997.112191	499998.449718
97	499995.569593	499996.367878	499998.049284
98	499995.875137	499997.093515	499997.432766
99	499995.708260	499996.199355	499997.017282
100	499996.380383	499996.517489	499996.348670
101	499997.046856	499996.626403	499997.086200
102	499997.665932	499996.139090	499996.470350
103	499998.416173	499995.492041	499996.606242

BestEnergy = -142.763682
BestBondEnergy = -2.640979
BestTorsionEnergy = -11.602011
BestLJEnergy = -128.520692
BestInterEnergy = 0.000000
Step = 1015760

rGAll = 2.790452
rGH = 2.582453
rGP = 2.836441
rGAll_inter = 0.000000
rGH_inter = 0.000000
rGP_inter = 0.000000
Processing Time = 154751.000000s

Molecules = 104
Sequence = AAABAAABAABBAAABAABBBBBBBBBBBABBBABBABBBAABBBBBBBBAABBAABABABBBBABBBBBABBABBBBABAABBAABBAAABBBBBBBBABBBB
